%YAML:1.0
---
type: IMU
name: avia_imu
Gyr:
   unit: " rad/s"
   avg-axis:
      gyr_n: 2.3244565237755766e-03
      gyr_w: 3.0036094704569062e-05
   x-axis:
      gyr_n: 3.3068545384457326e-03
      gyr_w: 3.4890562017486558e-05
   y-axis:
      gyr_n: 1.7640598609240362e-03
      gyr_w: 3.2170475546592832e-05
   z-axis:
      gyr_n: 1.9024551719569606e-03
      gyr_w: 2.3047246549627795e-05
Acc:
   unit: " m/s^2"
   avg-axis:
      acc_n: 2.3899726159767702e-03
      acc_w: 3.7246001139087355e-05
   x-axis:
      acc_n: 2.2313717323921389e-03
      acc_w: 2.9691123605209158e-05
   y-axis:
      acc_n: 2.6940068725051429e-03
      acc_w: 4.4655488790602860e-05
   z-axis:
      acc_n: 2.2445392430330289e-03
      acc_w: 3.7391391021450050e-05
